           1   5.6490690530575753E-002   5.6415202551633840E-002
           2  0.11242808443742935       0.11229223494408930     
           3  0.16722022864505751       0.16703470793141104     
           4  0.22020510900697285       0.21998521600792634     
           5  0.27063270678179696       0.27039615608468021     
           6  0.31766478614806476       0.31742930654461626     
           7  0.36039411618778139       0.36017509750241145     
           8  0.39788199387878015       0.39769047590916806     
           9  0.42921022599557107       0.42905151502797167     
          10  0.45354153342876097       0.45341466958022081     
          11  0.47018097568698664       0.47007915874743306     
          12  0.47863065040626429       0.47854257998068261     
          13  0.47863065218695799       0.47854258235776492     
          14  0.47018098091511096       0.47007916580431364     
          15  0.45354154177014228       0.45341468110017069     
          16  0.42921023691829235       0.42905153067017404     
          17  0.39788200668858958       0.39769049523650379     
          18  0.36039413007346949       0.36017512001514923     
          19  0.31766480023337973       0.31742933171569515     
          20  0.27063272018178358       0.27039618339217492     
          21  0.22020512088829153       0.21998524496080141     
          22  0.16722023827648136       0.16703473808572111     
          23  0.11242809117523524       0.11229226590821222     
          24   5.6490694045101562E-002   5.6415233980734586E-002
